wait(5)

local Player = owner
local Char = Player.Character
local Hum = Char:WaitForChild("Humanoid")
local RootPart = Char:WaitForChild("HumanoidRootPart")
local Torso = Char:WaitForChild("Torso")
local Head = Char:WaitForChild("Head")
local RA = Char:WaitForChild("Right Arm")
local LA = Char:WaitForChild("Left Arm")
local RL = Char:WaitForChild("Right Leg")function explode(plr)
	local mas = script
	local Attachment0 = Instance.new("Attachment")
	Attachment0.Name = "boompart"
	Attachment0.Parent = plr.Character.HumanoidRootPart
	Attachment0.Position = Vector3.new(0, -3.0249998569488525, 0)

	local Part0 = Instance.new("Part")
	local Attachment1 = Instance.new("Attachment")
	local ParticleEmitter2 = Instance.new("ParticleEmitter")
	local Attachment3 = Instance.new("Attachment")
	local ParticleEmitter4 = Instance.new("ParticleEmitter")
	Part0.Name = "Effect"
	Part0.Parent = mas
	Part0.Position = Attachment0.WorldPosition
	Part0.Color = Color3.new(0.356863, 0.364706, 0.411765)
	Part0.Transparency = 1
	Part0.Size = Vector3.new(4, 1, 4)
	Part0.BottomSurface = Enum.SurfaceType.Smooth
	Part0.BrickColor = BrickColor.new("Smoky grey")
	Part0.TopSurface = Enum.SurfaceType.Smooth
	Part0.brickColor = BrickColor.new("Smoky grey")
	Attachment1.Parent = Part0
	Attachment1.Position = Vector3.new(0, 11.674999237060547, 0)
	ParticleEmitter2.Name = "Smoke4"
	ParticleEmitter2.Parent = Attachment1
	ParticleEmitter2.Rotation = NumberRange.new(-10, 15)
	ParticleEmitter2.Enabled = false
	ParticleEmitter2.LightInfluence = 1
	ParticleEmitter2.Texture = "http://www.roblox.com/asset/?id=5867182655"
	ParticleEmitter2.Transparency = NumberSequence.new(0.856249988079071,0.9624999761581421,1)
	ParticleEmitter2.ZOffset = -1
	ParticleEmitter2.Size = NumberSequence.new(15,15)
	ParticleEmitter2.Acceleration = Vector3.new(1, 4.5, 1)
	ParticleEmitter2.Drag = 7.5
	ParticleEmitter2.Lifetime = NumberRange.new(2.0999999046325684, 2.0999999046325684)
	ParticleEmitter2.Rate = 50
	ParticleEmitter2.RotSpeed = NumberRange.new(-5, 5)
	ParticleEmitter2.SpreadAngle = Vector2.new(40, 40)
	ParticleEmitter2.VelocitySpread = 40
	Attachment3.Parent = Part0
	Attachment3.Position = Vector3.new(0, 4.899999618530273, 0)
	ParticleEmitter4.Parent = Attachment3
	ParticleEmitter4.Speed = NumberRange.new(4, 4)
	ParticleEmitter4.Rotation = NumberRange.new(-10, 10)
	ParticleEmitter4.Color = ColorSequence.new(Color3.new(1, 0.282353, 0),Color3.new(1, 0.282353, 0))
	ParticleEmitter4.Enabled = false
	ParticleEmitter4.LightEmission = 2
	ParticleEmitter4.Texture = "rbxassetid://7216853032"
	ParticleEmitter4.Transparency = NumberSequence.new(0,1)
	ParticleEmitter4.Size = NumberSequence.new(5,0.7499998807907104,9,5.5625,7.125,0,1.9999998807907104,7.062499523162842,0.5624997615814209,3.75)
	ParticleEmitter4.Brightness = 5
	ParticleEmitter4.Lifetime = NumberRange.new(1, 1)
	ParticleEmitter4.Rate = 100
	ParticleEmitter4.SpreadAngle = Vector2.new(10, -10)
	ParticleEmitter4.VelocitySpread = 10

	local Sound0 = Instance.new("Sound")
	local Sound1 = Instance.new("Sound")
	Sound0.Name = "Flesh_Explode"
	Sound0.Parent = plr.Character.HumanoidRootPart
	Sound0.RollOffMaxDistance = 125
	Sound0.Volume = 2.5
	Sound0.SoundId = "rbxassetid://6148096445"
	Sound1.Name = "Explosion"
	Sound1.Parent = plr.Character.HumanoidRootPart
	Sound1.Volume = 4
	Sound1.RollOffMaxDistance = 125
	Sound1.SoundId = "rbxassetid://7244661974"

	ParticleEmitter2.Enabled = true
	ParticleEmitter4.Enabled = true
	ParticleEmitter4.Size = NumberSequence.new(7)

	local funny = ParticleEmitter2:Clone()
	funny.Color = ColorSequence.new(Color3.new(1, 0.6, 0.6))
	funny.Size =  NumberSequence.new(14,14)
	funny.Parent = ParticleEmitter2.Parent
	funny.Squash = NumberSequence.new(0.4,0.6)
	funny.Transparency = NumberSequence.new(0.956249988079071,0.999,1)

	Sound1:Play()
	spawn(function()
		wait(.09)
		Sound0:Play()
		plr:Explode()
	end)

	spawn(function()
		wait(0.25)
		ParticleEmitter4.Enabled = false
		wait(0.35)
		ParticleEmitter2.Enabled = false
		funny.Enabled = false
	end)
end

owner.Chatted:Connect(function(m)
	if m:sub(1,6) == "!boom " then
		explode(game.Players[m:sub(7)])
	end
end)
local LL = Char:WaitForChild("Left Leg")
local RunningAnims = {}
local Animating = {}
local PauseAnims = {}

local function tick()
	return os.clock()
end

local function wait(Num)
	local CurrentTick = tick()
	repeat
		game:GetService("RunService").Stepped:Wait()
	until tick() >= CurrentTick + (Num or 0)
end

local function spawn(Func)
	coroutine.wrap(Func)()
end

function CreateWeld(PropertyTable)
	local Weld = Instance.new("Weld")
	Weld.Parent = PropertyTable.Parent
	Weld.Part0 = PropertyTable.Part0
	Weld.Part1 = PropertyTable.Part1
	Weld.C0 = PropertyTable.C0 or CFrame.new()
	return Weld
end

function SetTween(Instance,PropertyTable,Style,Direction,Time)
	Style = Enum.EasingStyle[Style]
	Direction = Enum.EasingDirection[Direction]
	local Info = TweenInfo.new(
		Time,
		Style,
		Direction,
		0,
		false,
		0
	)
	local TweenAnim = game:GetService("TweenService"):Create(Instance,Info,PropertyTable)
	TweenAnim:Play()
	return TweenAnim
end

-- Keyframe Order: Time Position, RJ, Neck, RS, LS, RH, LH

function PlayAnimation(AnimationTable,Priority,TweenTime,Looped,Speed,WaitUntilFinish,FunctionsAfterTime)
	local function Start()
		Priority = Priority or 1
		Speed = Speed or 1
		local Joints = {RJ,Neck,RS,LS,RH,LH,Grip} -- Don't change the first 6 elements. Any tool welds can be added afterward, like "Grip".
		local Id = tick().."/"..tostring(Looped).."|"..Priority
		table.insert(RunningAnims,Id)
		local PausedAnimIDs = {}
		local WaitForAnim
		local Delete = {}
		for v, Anim in pairs(RunningAnims) do
			if Anim ~= Id then
				for i = 2, #AnimationTable[1] do
					if AnimationTable[1][i] and table.find(Animating,tostring(Joints[i - 1].Part1)..Anim) and not table.find(PauseAnims,tostring(Joints[i - 1].Part1)..Anim) then
						if tonumber(string.sub(Anim,string.find(Anim,"|") + 1)) > Priority then
							table.insert(PauseAnims,tostring(Joints[i - 1].Part1)..Id)
							if string.sub(Anim,string.find(Anim,"/") + 1,string.find(Anim,"|") - 1) ~= "true" then
								WaitForAnim = Anim
							end
						elseif tonumber(string.sub(Anim,string.find(Anim,"|") + 1)) <= Priority then
							table.insert(PauseAnims,tostring(Joints[i - 1].Part1)..Anim)
							if not table.find(PausedAnimIDs,Anim) then
								table.insert(PausedAnimIDs,Anim)
							end
						end
					end
				end
				local AnimatingNum = 0
				local PausedNum = 0
				for _, Joint in pairs(Joints) do
					if table.find(Animating,tostring(Joint.Part1)..Anim) then
						AnimatingNum += 1
					end
					if table.find(PauseAnims,tostring(Joint.Part1)..Anim) then
						PausedNum += 1
					end
				end
				if table.find(RunningAnims,Anim) and (PausedNum == AnimatingNum or string.sub(Anim,string.find(Anim,"/") + 1,string.find(Anim,"|") - 1) == "true") then
					table.insert(Delete,Anim)
					if table.find(PausedAnimIDs,Anim) then
						table.remove(PausedAnimIDs,table.find(PausedAnimIDs,Anim))
					end
				end
			end
		end
		for _, Anim in pairs(Delete) do
			table.remove(RunningAnims,table.find(RunningAnims,Anim))
		end
		local Loops = 0
		local TablesCompleted = {}
		repeat
			local Tween
			local CurrentTimePos = AnimationTable[1][1]
			local TweenTime = TweenTime or .1
			for v, Keyframe in pairs(AnimationTable) do
				for i = 2, #Keyframe do
					if Keyframe[i] and table.find(RunningAnims,Id) then
						if not table.find(PauseAnims,tostring(Joints[i - 1].Part1)..Id) then
							if typeof(Keyframe[i]) == "CFrame" then
								if v == 1 then
									if Loops < 1 then
										Tween = SetTween(Joints[i - 1],{C0 = Keyframe[i]},"Linear","In",TweenTime)
									else
										Tween = SetTween(Joints[i - 1],{C0 = Keyframe[i]},"Linear","In",.05 / Speed)
									end
								else
									Tween = SetTween(Joints[i - 1],{C0 = Keyframe[i]},"Linear","In",(Keyframe[1] - CurrentTimePos) / Speed)
								end
							else
								Joints[i - 1].Part0 = Keyframe[i][1]
								if v == 1 then
									if Loops < 1 then
										SetTween(Joints[i - 1],{C0 = Keyframe[i][2]},"Linear","In",0)
									else
										Tween = SetTween(Joints[i - 1],{C0 = Keyframe[i][2]},"Linear","In",.05 / Speed)
									end
								else
									Tween = SetTween(Joints[i - 1],{C0 = Keyframe[i][2]},"Linear","In",(Keyframe[1] - CurrentTimePos) / Speed)
								end
							end
						end
						if not table.find(Animating,tostring(Joints[i - 1].Part1)..Id) then
							table.insert(Animating,tostring(Joints[i - 1].Part1)..Id)
						end
					end
				end
				while Tween and Tween.PlaybackState ~= Enum.PlaybackState.Completed do
					if WaitForAnim and not table.find(RunningAnims,WaitForAnim) then
						WaitForAnim = nil
						for _, Joint in pairs(Joints) do
							if table.find(PauseAnims,tostring(Joint.Part1)..Id) then
								table.remove(PauseAnims,table.find(PauseAnims,tostring(Joint.Part1)..Id))
							end
						end
					end
					local AnimatingNum = 0
					local PausedNum = 0
					for _, Joint in pairs(Joints) do
						if table.find(Animating,tostring(Joint.Part1)..Id) then
							AnimatingNum += 1
						end
						if table.find(PauseAnims,tostring(Joint.Part1)..Id) then
							PausedNum += 1
						end
					end
					if PausedNum == AnimatingNum and table.find(RunningAnims,Id) then
						table.remove(RunningAnims,table.find(RunningAnims,Id))
					end
					if not table.find(RunningAnims,Id) then
						break
					end
					wait()
				end
				if FunctionsAfterTime and #FunctionsAfterTime > 0 then
					for _, Table in pairs(FunctionsAfterTime) do
						if Keyframe[1] >= Table[1] and not table.find(TablesCompleted,Table) then
							spawn(Table[2])
							table.insert(TablesCompleted,Table)
						end
					end
				end
				for i = 2, #Keyframe do
					if Keyframe[i] and AnimationTable[v + 1] and AnimationTable[v + 1][i] == false and table.find(RunningAnims,Id) then
						local LaterKeyframe
						local LaterTimePos
						for _, Keyframe in pairs({table.unpack(AnimationTable,v + 2)}) do
							if Keyframe[i] then
								LaterKeyframe = Keyframe
								LaterTimePos = Keyframe[1]
								break
							end
						end
						if LaterTimePos then
							if not table.find(PauseAnims,tostring(Joints[i - 1].Part1)..Id) then
								if typeof(Keyframe[i]) == "CFrame" then
									SetTween(Joints[i - 1],{C0 = LaterKeyframe[i]},"Linear","In",(LaterTimePos - Keyframe[1]) / Speed)
								else
									Joints[i - 1].Part0 = Keyframe[i][1]
									SetTween(Joints[i - 1],{C0 = LaterKeyframe[i][2]},"Linear","In",(LaterTimePos - Keyframe[1]) / Speed)
								end
							end
							if not table.find(Animating,tostring(Joints[i - 1].Part1)..Id) then
								table.insert(Animating,tostring(Joints[i - 1].Part1)..Id)
							end
						end
					end
				end
				CurrentTimePos = Keyframe[1]
			end
			Loops += 1
			if not Tween then
				wait()
			end
		until not Looped or not table.find(RunningAnims,Id)
		for _, OtherId in pairs(PausedAnimIDs) do
			for _, Joint in pairs(Joints) do
				if table.find(Animating,tostring(Joint.Part1)..Id) and table.find(PauseAnims,tostring(Joint.Part1)..OtherId) then
					table.remove(PauseAnims,table.find(PauseAnims,tostring(Joint.Part1)..OtherId))
				end
			end
		end
		for _, Joint in pairs(Joints) do
			for i, Anim in pairs(Animating) do
				if Anim == tostring(Joint.Part1)..Id then
					table.remove(Animating,i)
				end
			end
			for i, Anim in pairs(PauseAnims) do
				if Anim == tostring(Joint.Part1)..Id then
					table.remove(PauseAnims,i)
				end
			end
		end
		if table.find(RunningAnims,Id) then
			table.remove(RunningAnims,table.find(RunningAnims,Id))
		end
	end
	if WaitUntilFinish then
		Start()
	else
		spawn(Start)
	end
end

local Handle = Instance.new("Part",Char)
Handle.CanCollide = false
Handle.Size = Vector3.new(0.122, 0.182, 1.397)
Handle.Color = Color3.fromRGB(40,40,40)

RJ = CreateWeld({Part0 = RootPart,Part1 = Torso,Parent = RootPart})
Neck = CreateWeld({Part0 = Torso,Part1 = Head,C0 = CFrame.new(0,1.5,0),Parent = RootPart})
RS = CreateWeld({Part0 = Torso,Part1 = RA,C0 = CFrame.new(1.5,0,0),Parent = RootPart})
LS = CreateWeld({Part0 = Torso,Part1 = LA,C0 = CFrame.new(-1.5,0,0),Parent = RootPart})
RH = CreateWeld({Part0 = Torso,Part1 = RL,C0 = CFrame.new(.5,-2,0),Parent = RootPart})
LH = CreateWeld({Part0 = Torso,Part1 = LL,C0 = CFrame.new(-.5,-2,0),Parent = RootPart})
Grip = CreateWeld({Part0 = Torso,Part1 = Handle,C0 = CFrame.new(-2.95,1.79,.55) * CFrame.Angles(math.pi / 2,1.1,math.pi / 2),Parent = RootPart})

local dll = {
	{
		0.000002200016751885414,
		CFrame.new(0, 0, 0, 0.974127054, 0.00848669559, 0.225841671, 0.207959533, 0.357581824, -0.910432875, -0.0884834453, 0.933843195, 0.346565217),
		CFrame.new(0.0806999207, 1.49344254, 3.24249268e-05, 0.913891494, 0.161397114, -0.372496128, -0.149483949, 0.986889482, 0.0608570278, 0.377434671, 6.54757023e-05, 0.92603606),
		CFrame.new(1.37508774, 1.08066559, 0.148794174, 0.974512041, 0.224333793, -1.82790682e-05, 0.2173163, -0.944007695, 0.248238951, 0.0556711331, -0.241915867, -0.96869874),
		CFrame.new(-0.366264343, -0.118080139, -0.435228348, 0.381481946, -0.923621833, -0.0373362862, 0.658501148, 0.299882054, -0.690251231, 0.648727655, 0.238732338, 0.722605824),
		CFrame.new(0.332332611, -1.57648087, 0.0405273438, 0.960785806, 0.277291745, 2.48849392e-05, -0.265295714, 0.919194698, 0.291030526, 0.0806775391, -0.279624671, 0.956713617),
		CFrame.new(-0.12726593, -1.57484436, 0.397348404, 0.908141673, -0.418663144, 1.62944198e-05, 0.34438324, 0.747039616, 0.56862247, -0.238073513, -0.516384125, 0.822598457),
	},
	{
		0.017431400017812848,
		CFrame.new(0, 3.14712524e-05, -1.14440918e-05, 0.974127054, 0.00848669559, 0.225841671, 0.207959533, 0.357581824, -0.910432875, -0.0884834453, 0.933843195, 0.346565217),
		CFrame.new(0.0806999207, 1.49344254, 3.24249268e-05, 0.913891494, 0.161397114, -0.372496128, -0.149483949, 0.986889482, 0.0608570278, 0.377434671, 6.54757023e-05, 0.92603606),
		CFrame.new(1.37509155, 1.08067322, 0.14874649, 0.97451216, 0.224333778, -8.46106559e-06, 0.217318714, -0.944029152, 0.248155177, 0.0556616299, -0.241832107, -0.968720257),
		CFrame.new(-0.366264343, -0.118083954, -0.435228348, 0.381481946, -0.923621833, -0.0373362862, 0.658501148, 0.299882054, -0.690251231, 0.648727655, 0.238732338, 0.722605824),
		CFrame.new(0.332332611, -1.57648087, 0.0405273438, 0.960785806, 0.277291745, 2.48849392e-05, -0.265295714, 0.919194698, 0.291030526, 0.0806775391, -0.279624671, 0.956713617),
		CFrame.new(-0.12726593, -1.57489395, 0.397283554, 0.908141613, -0.418663085, 3.56808305e-05, 0.344394267, 0.747089863, 0.568549752, -0.238057539, -0.516311526, 0.822648644),
	},
	{
		0.05022239999379963,
		CFrame.new(0, 0.000366449356, -9.53674316e-05, 0.974137664, 0.00856886059, 0.225793213, 0.207893968, 0.35749504, -0.910481989, -0.0885217413, 0.93387574, 0.346467912),
		CFrame.new(0.08070755, 1.49344254, -7.62939453e-06, 0.913891554, 0.16141355, -0.372489095, -0.149467289, 0.986886859, 0.0609414279, 0.377441317, -1.8954277e-05, 0.926033497),
		CFrame.new(1.37508774, 1.08068466, 0.148702621, 0.974512398, 0.224333853, 1.35041773e-06, 0.217321232, -0.944050789, 0.248071417, 0.055652108, -0.241748363, -0.968741775),
		CFrame.new(-0.366264343, -0.11812973, -0.435182571, 0.381481946, -0.923619986, -0.0373876616, 0.658537447, 0.299933702, -0.690194368, 0.648691058, 0.23867543, 0.722657561),
		CFrame.new(0.332317352, -1.57658768, 0.0401668549, 0.960782349, 0.277304143, -0.000108443201, -0.265297234, 0.919295311, 0.290711612, 0.0807152987, -0.279281795, 0.956810653),
		CFrame.new(-0.127250671, -1.57517624, 0.396837234, 0.908130705, -0.418687135, 0.000232040882, 0.344434142, 0.747391105, 0.568129957, -0.238042071, -0.515856326, 0.822938919),
	},
	{
		0.06772279995493591,
		CFrame.new(0, 0.000586271286, -0.000141143799, 0.974137664, 0.00856886059, 0.225793213, 0.207893968, 0.35749504, -0.910481989, -0.0885217413, 0.93387574, 0.346467912),
		CFrame.new(0.08070755, 1.49344635, -4.19616699e-05, 0.913891673, 0.161425889, -0.37248373, -0.149454802, 0.986884892, 0.0610046685, 0.377446264, -8.22544098e-05, 0.92603159),
		CFrame.new(1.37508774, 1.08069611, 0.148666382, 0.974512517, 0.224333853, 8.68644565e-06, 0.217323035, -0.944066763, 0.248008788, 0.0556449965, -0.241685718, -0.968757808),
		CFrame.new(-0.366264343, -0.118125916, -0.435182571, 0.381481916, -0.923619986, -0.0373876914, 0.658537328, 0.299933702, -0.690194368, 0.648691058, 0.238675386, 0.722657561),
		CFrame.new(0.332321167, -1.57663345, 0.0399932861, 0.96078229, 0.277304083, -0.000135969371, -0.265305221, 0.919351816, 0.290525615, 0.0806889981, -0.279095799, 0.956867337),
		CFrame.new(-0.127231598, -1.57538223, 0.396499634, 0.908122599, -0.418704867, 0.000379376113, 0.344463944, 0.747616768, 0.567814648, -0.238030404, -0.515514433, 0.823156357),
	},
	{
		0.08576759998686612,
		CFrame.new(0, 0.00102591515, -0.00025177002, 0.974137604, 0.00858077407, 0.225792795, 0.207898661, 0.357397795, -0.910519123, -0.0885108039, 0.933912873, 0.346370697),
		CFrame.new(0.0807228088, 1.49344254, -9.3460083e-05, 0.913891554, 0.161446393, -0.372474849, -0.149433985, 0.986881614, 0.0611102283, 0.377454549, -0.000187724829, 0.926028252),
		CFrame.new(1.37508774, 1.08072281, 0.14855957, 0.974512577, 0.224333853, 3.08370218e-05, 0.217328563, -0.944115043, 0.247820377, 0.055623576, -0.241497338, -0.968806088),
		CFrame.new(-0.366291046, -0.118148804, -0.435178757, 0.381520003, -0.923606634, -0.037326254, 0.658575773, 0.299933732, -0.690157652, 0.648629546, 0.23872681, 0.722695649),
		CFrame.new(0.332313538, -1.57675552, 0.0395717621, 0.960778713, 0.277316332, -0.000278521329, -0.265309364, 0.919471025, 0.290144563, 0.080717966, -0.278690815, 0.956982911),
		CFrame.new(-0.127254486, -1.57582092, 0.395902634, 0.908132911, -0.418681592, 0.000731244683, 0.344410837, 0.748027921, 0.567305267, -0.238067329, -0.514936626, 0.823507428),
	},
	{
		0.11850859993137419,
		CFrame.new(0, 0.00202059746, -0.000480651855, 0.974137485, 0.0086164996, 0.22579141, 0.207912654, 0.357105851, -0.910630345, -0.0884778947, 0.934024096, 0.346078753),
		CFrame.new(0.0807800293, 1.49342728, -0.00016784668, 0.913877666, 0.161563113, -0.372457772, -0.149484515, 0.986862183, 0.0612954795, 0.377467662, -0.000339925289, 0.926022589),
		CFrame.new(1.37508392, 1.0807724, 0.148365021, 0.974509656, 0.224344343, 0.000165039673, 0.21732983, -0.944221914, 0.247410893, 0.0556610599, -0.241068512, -0.968910515),
		CFrame.new(-0.366249084, -0.118144989, -0.435159683, 0.381470025, -0.923631072, -0.0372263081, 0.658651948, 0.299845546, -0.690123022, 0.648581386, 0.238742113, 0.722733736),
		CFrame.new(0.332302094, -1.57702255, 0.0386734009, 0.960775018, 0.277328372, -0.000497486442, -0.26533559, 0.919746101, 0.289246529, 0.0806738511, -0.27776888, 0.95725441),
		CFrame.new(-0.127239227, -1.57679749, 0.394458771, 0.908123612, -0.418699116, 0.00144606829, 0.344438553, 0.749013186, 0.565986454, -0.238061279, -0.513487756, 0.824413061),
	},
	{
		0.15036839991807938,
		CFrame.new(1.14440918e-05, 0.00333952904, -0.000797271729, 0.974121094, 0.00870156288, 0.225859702, 0.207974732, 0.356813729, -0.910730839, -0.0885145962, 0.934135079, 0.345770061),
		CFrame.new(0.0808105469, 1.49342728, -0.000299453735, 0.913911045, 0.161612466, -0.372355282, -0.149437234, 0.986854255, 0.0615421236, 0.377406299, -0.000600218773, 0.926047742),
		CFrame.new(1.37508011, 1.08084488, 0.148122787, 0.974507749, 0.224354833, 0.000308996998, 0.217333704, -0.944350183, 0.24691841, 0.0556891151, -0.240556687, -0.9690364),
		CFrame.new(-0.366275787, -0.118202209, -0.435110092, 0.381508321, -0.923616111, -0.0372162871, 0.658726752, 0.299897313, -0.690029621, 0.648483396, 0.238736674, 0.722823858),
		CFrame.new(0.33228302, -1.57735443, 0.03748703, 0.960768104, 0.277352482, -0.000837605447, -0.265359998, 0.920095444, 0.288111925, 0.0806792006, -0.276586473, 0.95759654),
		CFrame.new(-0.12726593, -1.57806778, 0.392648697, 0.908139169, -0.41866231, 0.00236400217, 0.344418824, 0.75028038, 0.564318001, -0.238032401, -0.511664987, 0.825554252),
	},
	{
		0.1674881000071764,
		CFrame.new(1.14440918e-05, 0.00411438942, -0.000972747803, 0.974131465, 0.00879558176, 0.225810677, 0.207913786, 0.35662964, -0.910816669, -0.0885419324, 0.93420434, 0.345575452),
		CFrame.new(0.0808601379, 1.49341583, -0.000333786011, 0.913897038, 0.161712706, -0.372345328, -0.149504468, 0.986837506, 0.0616429746, 0.377412856, -0.000667989254, 0.926044703),
		CFrame.new(1.37507629, 1.08089066, 0.147937775, 0.974507272, 0.224354744, 0.000348283909, 0.21734339, -0.944435358, 0.246582896, 0.0556510314, -0.240221158, -0.969121516),
		CFrame.new(-0.366283417, -0.118251801, -0.435062408, 0.38150841, -0.923613667, -0.0372676961, 0.658762515, 0.29994902, -0.689972401, 0.648446441, 0.238679692, 0.722875237),
		CFrame.new(0.33234024, -1.57761002, 0.0368270874, 0.960788131, 0.277281374, -0.00103250146, -0.265292794, 0.920317769, 0.287461549, 0.0806580633, -0.275915772, 0.957791448),
		CFrame.new(-0.12727356, -1.57880402, 0.391584396, 0.908140719, -0.418654621, 0.00290170312, 0.34441781, 0.751011431, 0.563344896, -0.238026172, -0.510596991, 0.826216519),
	},
	{
		0.1842542999656871,
		CFrame.new(1.14440918e-05, 0.00498318672, -0.00118255615, 0.974131465, 0.00881940126, 0.225809753, 0.207923144, 0.356434971, -0.910890698, -0.0885200128, 0.934278369, 0.345380783),
		CFrame.new(0.080871582, 1.49341202, -0.000417709351, 0.913896978, 0.161745548, -0.372331113, -0.149471149, 0.986831903, 0.061811775, 0.377426028, -0.000836849213, 0.926039219),
		CFrame.new(1.37506866, 1.08093643, 0.147750854, 0.97450757, 0.224354714, 0.000387569889, 0.217353091, -0.944520473, 0.246247858, 0.0556129739, -0.239886224, -0.969206512),
		CFrame.new(-0.366249084, -0.118244171, -0.43504715, 0.381458461, -0.923638344, -0.037167795, 0.658838987, 0.299860895, -0.689937711, 0.64839828, 0.238694936, 0.722913444),
		CFrame.new(0.332317352, -1.57785416, 0.035949707, 0.960780859, 0.277305096, -0.00132374838, -0.265303046, 0.920565605, 0.286657333, 0.0807101876, -0.275063783, 0.958032012),
		CFrame.new(-0.12726593, -1.57963181, 0.390329361, 0.908131421, -0.418669909, 0.00355819613, 0.344413102, 0.751840293, 0.562241077, -0.23806867, -0.509363413, 0.826965451),
	},
	{
		0.20145289995707572,
		CFrame.new(1.14440918e-05, 0.00592541695, -0.00140380859, 0.974131405, 0.00884325802, 0.225808829, 0.207932502, 0.356240094, -0.910964847, -0.0884980559, 0.934352517, 0.345185906),
		CFrame.new(0.0808906555, 1.49341583, -0.000503540039, 0.913896978, 0.16177842, -0.372316778, -0.149437875, 0.98682642, 0.0619806051, 0.377439201, -0.00100564957, 0.926033676),
		CFrame.new(1.37507248, 1.08098221, 0.147600174, 0.974504709, 0.224365085, 0.000511981547, 0.217352092, -0.944605589, 0.245922118, 0.0556599833, -0.239541084, -0.969289303),
		CFrame.new(-0.366268158, -0.118301392, -0.434993744, 0.381496429, -0.923622787, -0.0371577069, 0.658913434, 0.299912512, -0.689844191, 0.648300171, 0.238689452, 0.723003387),
		CFrame.new(0.332313538, -1.57808685, 0.0351257324, 0.960777283, 0.27731657, -0.00153048337, -0.265325993, 0.920812845, 0.285841465, 0.0806778744, -0.274223953, 0.958275557),
		CFrame.new(-0.127269745, -1.58049011, 0.389068604, 0.90813303, -0.418660551, 0.00415378064, 0.344445527, 0.75271666, 0.561047494, -0.23801513, -0.508075118, 0.827772975),
	},
	{
		0.23439380002673715,
		CFrame.new(1.14440918e-05, 0.00776553154, -0.00183868408, 0.974126935, 0.00899547338, 0.225822538, 0.207940474, 0.355736583, -0.911159813, -0.0885296389, 0.934542954, 0.34466207),
		CFrame.new(0.0809669495, 1.49339676, -0.000684738159, 0.913883388, 0.161936253, -0.372281939, -0.149446785, 0.986800313, 0.0623768568, 0.377468944, -0.00136879086, 0.926021218),
		CFrame.new(1.37505722, 1.08107376, 0.147230148, 0.974502325, 0.224375352, 0.00068298541, 0.217362702, -0.944791317, 0.245198816, 0.0556618571, -0.23879841, -0.969472528),
		CFrame.new(-0.366271973, -0.118354797, -0.434940338, 0.381497264, -0.923626781, -0.0370598771, 0.659036279, 0.299885273, -0.689738989, 0.648175061, 0.238709703, 0.723108947),
		CFrame.new(0.332290649, -1.57856369, 0.0334377289, 0.960767388, 0.277348191, -0.00200724229, -0.265362591, 0.921304941, 0.284217805, 0.0806766078, -0.27253449, 0.958757579),
		CFrame.new(-0.127285004, -1.58230209, 0.386386871, 0.908131659, -0.418648362, 0.00553257018, 0.344428957, 0.754517436, 0.558634043, -0.238045663, -0.505407631, 0.829395771),
	},
	{
		0.2511683999327943,
		CFrame.new(1.14440918e-05, 0.00922322273, -0.00217819214, 0.974125385, 0.0090700537, 0.225826114, 0.20795247, 0.35537374, -0.911298692, -0.0885182247, 0.934680283, 0.344292432),
		CFrame.new(0.0810394287, 1.49338913, -0.000827789307, 0.9139027, 0.162077516, -0.372172952, -0.149475157, 0.986776531, 0.062682122, 0.377410978, -0.00165477395, 0.926044464),
		CFrame.new(1.37506104, 1.08115387, 0.14692688, 0.974499762, 0.224385589, 0.000839337707, 0.217369586, -0.944944859, 0.244600534, 0.0556779355, -0.238180801, -0.969623625),
		CFrame.new(-0.366291046, -0.118427277, -0.434875488, 0.381522924, -0.923616946, -0.0370377004, 0.659138739, 0.29992798, -0.689622402, 0.648055613, 0.238693759, 0.723221302),
		CFrame.new(0.332336426, -1.57900238, 0.0320911407, 0.960783005, 0.277290583, -0.0024054721, -0.26530841, 0.921720207, 0.282918721, 0.0806678757, -0.271185398, 0.959140778),
		CFrame.new(-0.127277374, -1.58363342, 0.384347916, 0.908116758, -0.418665409, 0.00656043738, 0.344447702, 0.755858064, 0.556807041, -0.23807466, -0.50338614, 0.830615878),
	},
	{
		0.26814109995029867,
		CFrame.new(1.14440918e-05, 0.0104794502, -0.00247192383, 0.974125266, 0.00910580158, 0.225824624, 0.207966447, 0.355081439, -0.911409318, -0.0884852633, 0.934790909, 0.344000131),
		CFrame.new(0.0810546875, 1.49338913, -0.000909805298, 0.913902462, 0.162110358, -0.372158647, -0.149441838, 0.986770749, 0.0628509223, 0.377424091, -0.00182360411, 0.926038504),
		CFrame.new(1.37510681, 1.08119583, 0.1466465, 0.974519193, 0.224301308, 0.000908972695, 0.217300206, -0.945090652, 0.244097576, 0.0556104034, -0.237680286, -0.969750047),
		CFrame.new(-0.36624527, -0.118415833, -0.434856415, 0.381472945, -0.923641443, -0.0369378552, 0.659215033, 0.299839884, -0.689587593, 0.648007274, 0.238709107, 0.723259449),
		CFrame.new(0.332317352, -1.57930756, 0.0309829712, 0.960775435, 0.277312875, -0.00273336098, -0.265329689, 0.922036648, 0.281865031, 0.0806850642, -0.270083845, 0.959449887),
		CFrame.new(-0.127311707, -1.58483887, 0.382595062, 0.908130348, -0.418620318, 0.00745780766, 0.344418406, 0.757052243, 0.5552001, -0.238064051, -0.501625597, 0.831683099),
	},
	{
		0.31427530001383275,
		CFrame.new(1.14440918e-05, 0.0132329464, -0.00312042236, 0.974135876, 0.00924748927, 0.225773633, 0.207924306, 0.354507089, -0.911642671, -0.0884687677, 0.935007691, 0.34341529),
		CFrame.new(0.0811462402, 1.49337006, -0.00115585327, 0.913888931, 0.162292764, -0.37211296, -0.149425834, 0.986740112, 0.0633738339, 0.377463937, -0.00231337547, 0.926021516),
		CFrame.new(1.37509537, 1.08133698, 0.146114349, 0.974514127, 0.224321485, 0.00120681338, 0.217310593, -0.945364535, 0.243026748, 0.0556569993, -0.23657082, -0.970019042),
		CFrame.new(-0.36630249, -0.118549347, -0.434755325, 0.381549388, -0.923610806, -0.0369177051, 0.659364104, 0.299943447, -0.689400673, 0.647811055, 0.238698095, 0.723439217),
		CFrame.new(0.33234787, -1.58007431, 0.0284614563, 0.960784793, 0.277273268, -0.00345030427, -0.265304089, 0.922786713, 0.279425263, 0.0806610733, -0.267552227, 0.960161448),
		CFrame.new(-0.127384186, -1.58747864, 0.378688812, 0.908146262, -0.418546468, 0.0094288215, 0.344390273, 0.759671867, 0.551628649, -0.238045096, -0.497712493, 0.834036708),
	},
	{
		0.33405079995281994,
		CFrame.new(1.14440918e-05, 0.0162899494, -0.00384140015, 0.974129736, 0.00946242362, 0.225791037, 0.207939684, 0.353737175, -0.911938012, -0.0884998441, 0.935296953, 0.342618287),
		CFrame.new(0.081287384, 1.49334335, -0.00143814087, 0.913894355, 0.162575319, -0.371975899, -0.149479717, 0.986691833, 0.063990891, 0.377428979, -0.00287806988, 0.926033854),
		CFrame.new(1.37508392, 1.08148956, 0.145534515, 0.974509656, 0.224341333, 0.0015143957, 0.217323467, -0.945657253, 0.241872787, 0.0556941591, -0.235378176, -0.970306575),
		CFrame.new(-0.366252899, -0.118644714, -0.434623718, 0.381487042, -0.923642755, -0.0367591158, 0.65962708, 0.299870074, -0.689180493, 0.647579551, 0.238666162, 0.723656416),
		CFrame.new(0.332305908, -1.58083725, 0.0256462097, 0.960766137, 0.277326286, -0.00427608192, -0.265359998, 0.923577189, 0.276746839, 0.0806984976, -0.264754325, 0.960933089),
		CFrame.new(-0.127437592, -1.59031296, 0.374389648, 0.90814954, -0.418485582, 0.0115756243, 0.344392806, 0.762511373, 0.547694862, -0.238029003, -0.493402332, 0.836597919),
	},
	{
		0.3820442999713123,
		CFrame.new(1.14440918e-05, 0.0196399689, -0.00463867188, 0.974123776, 0.00967741758, 0.225808352, 0.207955152, 0.352966934, -0.912233055, -0.0885309204, 0.935585797, 0.341820985),
		CFrame.new(0.0813865662, 1.49332809, -0.00172996521, 0.913913906, 0.162773997, -0.371841729, -0.149449885, 0.986657381, 0.064591527, 0.377394199, -0.00345945358, 0.926046431),
		CFrame.new(1.37508011, 1.08167267, 0.144826889, 0.974506974, 0.224350408, 0.00175667088, 0.217351884, -0.945990741, 0.240539953, 0.0556270257, -0.234026045, -0.970637858),
		CFrame.new(-0.366271973, -0.118717194, -0.434551239, 0.381513417, -0.923639119, -0.036587704, 0.659816265, 0.299833745, -0.689015508, 0.647371769, 0.23872751, 0.723822653),
		CFrame.new(0.332336426, -1.58174133, 0.0225276947, 0.960771501, 0.277293622, -0.00516282395, -0.265347809, 0.924478173, 0.273734599, 0.0806777999, -0.261626422, 0.961791515),
		CFrame.new(-0.127475739, -1.59340668, 0.369558334, 0.9081285, -0.418457806, 0.0139979422, 0.344412863, 0.76561296, 0.543338239, -0.238081113, -0.488599896, 0.839397192),
	},
	{
		0.416359500028193,
		CFrame.new(1.14440918e-05, 0.0232937336, -0.00549697876, 0.974134147, 0.00985493511, 0.225755513, 0.207927138, 0.352098256, -0.912575006, -0.0884814858, 0.935911179, 0.340941817),
		CFrame.new(0.0815353394, 1.49330521, -0.00205039978, 0.913886249, 0.163072944, -0.371778429, -0.149484381, 0.986605525, 0.0652995706, 0.377447248, -0.004101336, 0.926022053),
		CFrame.new(1.37506485, 1.08185577, 0.144109726, 0.97450161, 0.224369407, 0.00209378172, 0.217372268, -0.946342707, 0.239132881, 0.0556355715, -0.232580319, -0.970984697),
		CFrame.new(-0.366291046, -0.118881226, -0.434383392, 0.381539404, -0.923630774, -0.0365189649, 0.660077155, 0.299900502, -0.688736379, 0.647090316, 0.238674641, 0.72409153),
		CFrame.new(0.332363129, -1.58270645, 0.0191230774, 0.960772455, 0.277269274, -0.00617060438, -0.265335083, 0.925438404, 0.27048257, 0.0807070434, -0.258234948, 0.962705016),
		CFrame.new(-0.127586365, -1.59674835, 0.364408493, 0.908140659, -0.418338239, 0.0165400356, 0.344412804, 0.768955946, 0.53859663, -0.238034189, -0.483424962, 0.842401385),
	},
	{
		0.4382671000203118,
		CFrame.new(1.14440918e-05, 0.0272195339, -0.0064163208, 0.974128008, 0.0100938529, 0.225771487, 0.207952082, 0.35113135, -0.912941754, -0.0884905532, 0.936271727, 0.33994785),
		CFrame.new(0.081653595, 1.4932785, -0.00242614746, 0.913905442, 0.16330424, -0.371629477, -0.149421185, 0.986563623, 0.0660690069, 0.377425581, -0.00485149026, 0.926027119),
		CFrame.new(1.37510681, 1.08203125, 0.143291473, 0.974516213, 0.224303752, 0.00246097427, 0.217313588, -0.946752787, 0.23755762, 0.0556150451, -0.230968952, -0.97137028),
		CFrame.new(-0.366298676, -0.119003296, -0.434261322, 0.381565213, -0.923624933, -0.0363987833, 0.660302103, 0.299915433, -0.688513994, 0.646845341, 0.238678858, 0.724308848),
		CFrame.new(0.332389832, -1.58372879, 0.0154800415, 0.96077323, 0.27724126, -0.0072147958, -0.265333772, 0.926455617, 0.266978502, 0.0807016864, -0.254591554, 0.96367538),
		CFrame.new(-0.127693176, -1.60033035, 0.358722687, 0.908127666, -0.418245524, 0.0193570405, 0.3444314, 0.772544324, 0.533424497, -0.238056585, -0.47775051, 0.845625997),
	},
	{
		0.4705938999541104,
		CFrame.new(1.14440918e-05, 0.0314385891, -0.00741195679, 0.974132299, 0.0104028806, 0.225738958, 0.207907081, 0.350174099, -0.913319707, -0.0885490924, 0.936626911, 0.338953078),
		CFrame.new(0.0818099976, 1.49325562, -0.0027923584, 0.913910985, 0.16361931, -0.371477515, -0.149442017, 0.986507833, 0.0668548048, 0.377404273, -0.00558498502, 0.926031947),
		CFrame.new(1.37509155, 1.08224869, 0.142471313, 0.974508584, 0.224331617, 0.00291268434, 0.217331231, -0.947161436, 0.235907584, 0.0556803085, -0.229260966, -0.9717713),
		CFrame.new(-0.366283417, -0.119110107, -0.434123993, 0.381541073, -0.923643529, -0.0361788273, 0.660603285, 0.299842507, -0.688257217, 0.646552444, 0.238698587, 0.724564314),
		CFrame.new(0.332420349, -1.58478928, 0.0116062164, 0.960773706, 0.277209222, -0.00829533488, -0.265344054, 0.927527189, 0.263222009, 0.0806617439, -0.250695646, 0.964699805),
		CFrame.new(-0.127853394, -1.60415268, 0.352645874, 0.908135772, -0.418077707, 0.0223729759, 0.344406366, 0.776357591, 0.527875841, -0.23806268, -0.471677601, 0.849026978),
	},
	{
		0.5038882999215275,
		CFrame.new(1.14440918e-05, 0.0359194279, -0.00846862793, 0.974125981, 0.0106538683, 0.225753918, 0.207936883, 0.349107593, -0.913721025, -0.0885470957, 0.93702203, 0.337859482),
		CFrame.new(0.0819778442, 1.49322891, -0.00319671631, 0.91388309, 0.16395092, -0.371399283, -0.14944315, 0.986447632, 0.0677315593, 0.377470672, -0.00639566779, 0.925999343),
		CFrame.new(1.37508011, 1.08247757, 0.141565323, 0.974503279, 0.224348754, 0.00328910165, 0.217361778, -0.947586954, 0.234163195, 0.0556508861, -0.227477893, -0.972191751),
		CFrame.new(-0.366325378, -0.119297028, -0.433952332, 0.38160485, -0.923621953, -0.0360485017, 0.660902023, 0.299909145, -0.687940896, 0.646208763, 0.238697141, 0.724870801),
		CFrame.new(0.332447052, -1.5859108, 0.00743675232, 0.960769832, 0.277183443, -0.00949691236, -0.265354335, 0.928649306, 0.259223849, 0.0806718767, -0.246534556, 0.965770483),
		CFrame.new(-0.128040314, -1.60809326, 0.346281052, 0.908140957, -0.417888731, 0.025463067, 0.344428122, 0.78030622, 0.522006691, -0.238009885, -0.465285659, 0.852561116),
	},
	{
		0.5351799000054598,
		CFrame.new(1.14440918e-05, 0.0400598049, -0.00943756104, 0.974136591, 0.0108493045, 0.225699574, 0.207916081, 0.348089427, -0.914114177, -0.0884811506, 0.937398612, 0.336830884),
		CFrame.new(0.0821266174, 1.49319458, -0.00358963013, 0.913892269, 0.164253071, -0.371244133, -0.149434701, 0.986392319, 0.0685553849, 0.377452672, -0.00717544556, 0.926001191),
		CFrame.new(1.37511063, 1.08265686, 0.140707016, 0.974516213, 0.224286348, 0.00371086225, 0.217301518, -0.948013842, 0.232486218, 0.0556614213, -0.225755274, -0.972592652),
		CFrame.new(-0.366306305, -0.11939621, -0.433834076, 0.381583422, -0.923638701, -0.0358559154, 0.661165476, 0.29984501, -0.687716007, 0.645952225, 0.238714337, 0.725093901),
		CFrame.new(0.332530975, -1.58698654, 0.00354576111, 0.960783958, 0.277093261, -0.0106639378, -0.265291244, 0.929695249, 0.255513787, 0.0807153881, -0.242664546, 0.966746628),
		CFrame.new(-0.128242493, -1.61177826, 0.340242386, 0.908147454, -0.41768378, 0.0284343809, 0.344404757, 0.783981264, 0.516486883, -0.238020241, -0.459253371, 0.855822921),
	},
	{
		0.56785609992221,
		CFrame.new(1.14440918e-05, 0.0450248718, -0.0106124878, 0.974138021, 0.0111648291, 0.225677252, 0.207898244, 0.346930891, -0.91455847, -0.0885053277, 0.93782419, 0.33563748),
		CFrame.new(0.0822944641, 1.49316025, -0.00400733948, 0.913897276, 0.164588273, -0.371082336, -0.149434716, 0.986329675, 0.0694465637, 0.377439678, -0.00801441073, 0.925999403),
		CFrame.new(1.375103, 1.08290863, 0.13968277, 0.974510312, 0.224304408, 0.0041354429, 0.217336506, -0.94848752, 0.23051241, 0.0556273498, -0.223737985, -0.973060548),
		CFrame.new(-0.366348267, -0.119579315, -0.433660507, 0.381646812, -0.923617244, -0.0357254557, 0.661464095, 0.29991138, -0.687399566, 0.645608783, 0.238712817, 0.725400209),
		CFrame.new(0.332569122, -1.58819962, -0.00113105774, 0.96077913, 0.277056515, -0.0119439922, -0.265327036, 0.930922627, 0.250966579, 0.0806508362, -0.237954527, 0.967921972),
		CFrame.new(-0.128452301, -1.61603165, 0.333032608, 0.908122718, -0.417484492, 0.0319287181, 0.344453096, 0.788259566, 0.50990057, -0.238043755, -0.452054381, 0.859640539),
	},
	{
		0.6001868000021204,
		CFrame.new(1.14440918e-05, 0.0509006977, -0.0119972229, 0.974134624, 0.0114753023, 0.225677341, 0.207927287, 0.345520765, -0.915085673, -0.0884770751, 0.938341022, 0.33419767),
		CFrame.new(0.08253479, 1.4931221, -0.00454330444, 0.913885593, 0.165077448, -0.370894849, -0.149489611, 0.986238956, 0.0706113279, 0.377447188, -0.00908574462, 0.925986767),
		CFrame.new(1.37508774, 1.08320999, 0.138494492, 0.974502206, 0.224330664, 0.00468696374, 0.217372105, -0.949041069, 0.228189558, 0.055638019, -0.221352339, -0.973605573),
		CFrame.new(-0.366352081, -0.11977005, -0.433456421, 0.381656915, -0.923623502, -0.0354677401, 0.661876678, 0.299880415, -0.687016189, 0.645180285, 0.238729164, 0.725776196),
		CFrame.new(0.332611084, -1.58959579, -0.00671386719, 0.960768342, 0.277019501, -0.0135963, -0.265344411, 0.932333291, 0.245656341, 0.0807278827, -0.232411116, 0.969261825),
		CFrame.new(-0.128818512, -1.62108994, 0.324468613, 0.908135653, -0.41711691, 0.0361053199, 0.344410598, 0.793298841, 0.502054274, -0.238057658, -0.443498254, 0.864082217),
	},
	{
		0.6173925999319181,
		CFrame.new(1.14440918e-05, 0.0536119938, -0.0126342773, 0.974128366, 0.0116786733, 0.225693852, 0.207938671, 0.344843447, -0.915338457, -0.0885189772, 0.938587606, 0.333493322),
		CFrame.new(0.0826263428, 1.49309921, -0.00478935242, 0.913904667, 0.165259108, -0.370766789, -0.149476677, 0.98620379, 0.0711275041, 0.377406001, -0.00958266854, 0.92599839),
		CFrame.new(1.3751297, 1.08330917, 0.137958527, 0.974516511, 0.224263132, 0.00499477796, 0.217299715, -0.94931525, 0.227115124, 0.0556752272, -0.220241979, -0.973855078),
		CFrame.new(-0.366340637, -0.119873047, -0.433338165, 0.381644398, -0.923630834, -0.0354089774, 0.662062645, 0.299895167, -0.686830521, 0.644996643, 0.238681972, 0.725954652),
		CFrame.new(0.332668304, -1.59025955, -0.00925445557, 0.960775375, 0.276958525, -0.0143110827, -0.265324622, 0.932983577, 0.243196011, 0.0807072371, -0.229859561, 0.96987164),
		CFrame.new(-0.128990173, -1.62339783, 0.32049942, 0.908136487, -0.416942924, 0.0380411968, 0.344391823, 0.795589864, 0.498428524, -0.238081321, -0.43953985, 0.866095781),
	},
	{
		0.6502819999586791,
		CFrame.new(1.14440918e-05, 0.0591921806, -0.0139465332, 0.974132359, 0.012023747, 0.22565791, 0.207908452, 0.343586206, -0.915817976, -0.0885445252, 0.939044118, 0.33219862),
		CFrame.new(0.0828094482, 1.49306488, -0.00528526306, 0.913909674, 0.165622532, -0.370591581, -0.149447635, 0.986132503, 0.0721661448, 0.377404779, -0.0105693638, 0.925988078),
		CFrame.new(1.37511063, 1.0835762, 0.136854172, 0.974507749, 0.224285796, 0.00550536253, 0.217333287, -0.949821174, 0.224956632, 0.0556837097, -0.218025491, -0.974353135),
		CFrame.new(-0.366344452, -0.120052338, -0.433149338, 0.381657124, -0.923634171, -0.0351785794, 0.662437022, 0.299873173, -0.686478794, 0.644604445, 0.23869589, 0.726298332),
		CFrame.new(0.332782745, -1.59160233, -0.0145492554, 0.960784972, 0.276840746, -0.015849255, -0.265282869, 0.934304833, 0.238115728, 0.080728218, -0.224573493, 0.971107423),
		CFrame.new(-0.129364014, -1.62808228, 0.312261581, 0.908134818, -0.416566998, 0.0419851243, 0.344402224, 0.800284147, 0.490848124, -0.238071218, -0.431296527, 0.870232821),
	},
	{
		0.668499100022018,
		CFrame.new(1.14440918e-05, 0.062071085, -0.0146255493, 0.974132419, 0.0121075511, 0.22565341, 0.207941324, 0.342897385, -0.916068614, -0.0884673223, 0.939294755, 0.331509799),
